SCMBranch=GrayDuck
SCMRepository=GrayDuck/GrayDuckAPI/wwwroot/plugins/font-icons/feather
SCMMainlineUUID={f908f74b-3df4-400f-ac2c-519b64a5f092}
SCMBranchRepositoryID=1694
activity.svg;574205832;2;1584358976;|2023|4178
airplay.svg;1573825807;2;1584358976;|2024|4179
alert-circle.svg;2948813536;2;1584358976;|2025|4180
alert-octagon.svg;1505185957;2;1584358976;|2026|4181
alert-triangle.svg;3458846875;2;1584358976;|2027|4182
align-center.svg;3693649023;2;1584358976;|2028|4183
align-justify.svg;1198387405;2;1584358976;|2029|4184
align-left.svg;2502313348;2;1584358976;|2030|4185
align-right.svg;377835063;2;1584358976;|2031|4186
anchor.svg;3016594884;2;1584358976;|2032|4187
aperture.svg;2321161966;2;1584358976;|2033|4188
archive.svg;3599836644;2;1584358976;|2034|4189
arrow-down-circle.svg;3826321971;2;1584358976;|2035|4190
arrow-down-left.svg;160346410;2;1584358976;|2036|4191
arrow-down-right.svg;2330329643;2;1584358976;|2037|4192
arrow-down.svg;4217588361;2;1584358976;|2038|4193
arrow-left-circle.svg;341905862;2;1584358976;|2039|4194
arrow-left.svg;1147614811;2;1584358976;|2040|4195
arrow-right-circle.svg;1307240638;2;1584358976;|2041|4196
arrow-right.svg;1928362048;2;1584358976;|2042|4197
arrow-up-circle.svg;1439397247;2;1584358976;|2043|4198
arrow-up-left.svg;1035450130;2;1584358976;|2044|4199
arrow-up-right.svg;2038625309;2;1584358976;|2045|4200
arrow-up.svg;521142049;2;1584358976;|2046|4201
at-sign.svg;2040429910;2;1584358976;|2047|4202
award.svg;2066678719;2;1584358976;|2048|4203
bar-chart-2.svg;3939588908;2;1584358976;|2049|4204
bar-chart.svg;3111911235;2;1584358976;|2050|4205
battery-charging.svg;623600656;2;1584358976;|2051|4206
battery.svg;96330737;2;1584358976;|2052|4207
bell-off.svg;834276202;2;1584358976;|2053|4208
bell.svg;484191080;2;1584358976;|2054|4209
bluetooth.svg;3443190264;2;1584358976;|2055|4210
bold.svg;3323169509;2;1584358976;|2056|4211
book-open.svg;2633519026;2;1584358976;|2057|4212
book.svg;2119784837;2;1584358976;|2058|4213
bookmark.svg;3746377521;2;1584358976;|2059|4214
box.svg;1090631976;2;1584358976;|2060|4215
briefcase.svg;3243739112;2;1584358976;|2061|4216
calendar.svg;3114362393;2;1584358976;|2062|4217
camera-off.svg;2243541516;2;1584358976;|2063|4218
camera.svg;3366760475;2;1584358976;|2064|4219
cast.svg;3983051079;2;1584358976;|2065|4220
check-circle.svg;3105095401;2;1584358976;|2066|4221
check-square.svg;3746205201;2;1584358976;|2067|4222
check.svg;2498820841;2;1584358976;|2068|4223
chevron-down.svg;31198129;2;1584358976;|2069|4224
chevron-left.svg;3538693309;2;1584358976;|2070|4225
chevron-right.svg;1949883152;2;1584358976;|2071|4226
chevron-up.svg;2706629455;2;1584358976;|2072|4227
chevrons-down.svg;1589799018;2;1584358976;|2073|4228
chevrons-left.svg;4197592655;2;1584358976;|2074|4229
chevrons-right.svg;3948692580;2;1584358976;|2075|4230
chevrons-up.svg;838042442;2;1584358976;|2076|4231
chrome.svg;1038955268;2;1584358976;|2077|4232
circle.svg;1784988836;2;1584358976;|2078|4233
clipboard.svg;1241545783;2;1584358976;|2079|4234
clock.svg;4059378993;2;1584358976;|2080|4235
cloud-drizzle.svg;4271494872;2;1584358976;|2081|4236
cloud-lightning.svg;3021538217;2;1584358976;|2082|4237
cloud-off.svg;3996075479;2;1584358976;|2083|4238
cloud-rain.svg;220640656;2;1584358976;|2084|4239
cloud-snow.svg;2586793380;2;1584358976;|2085|4240
cloud.svg;245635158;2;1584358976;|2086|4241
code.svg;444313733;2;1584358976;|2087|4242
codepen.svg;1789266019;2;1584358976;|2088|4243
codesandbox.svg;3734102552;2;1584358976;|2089|4244
coffee.svg;3711008931;2;1584358976;|2090|4245
columns.svg;3129076593;2;1584358976;|2091|4246
command.svg;2654691805;2;1584358976;|2092|4247
compass.svg;33151373;2;1584358976;|2093|4248
copy.svg;2532713401;2;1584358976;|2094|4249
corner-down-left.svg;246091184;2;1584358976;|2095|4250
corner-down-right.svg;2187203168;2;1584358976;|2096|4251
corner-left-down.svg;1843705949;2;1584358976;|2097|4252
corner-left-up.svg;4031001959;2;1584358976;|2098|4253
corner-right-down.svg;3570862285;2;1584358976;|2099|4254
corner-right-up.svg;1676659266;2;1584358976;|2100|4255
corner-up-left.svg;2987828828;2;1584358976;|2101|4256
corner-up-right.svg;2905332474;2;1584358976;|2102|4257
cpu.svg;2727478333;2;1584358976;|2103|4258
credit-card.svg;2032009353;2;1584358976;|2104|4259
crop.svg;1401297507;2;1584358976;|2105|4260
crosshair.svg;2547563834;2;1584358976;|2106|4261
database.svg;2734512582;2;1584358976;|2107|4262
delete.svg;3206931593;2;1584358976;|2108|4263
disc.svg;27447801;2;1584358976;|2109|4264
dollar-sign.svg;2717118231;2;1584358976;|2110|4265
download-cloud.svg;116385467;2;1584358976;|2111|4266
download.svg;2503695728;2;1584358976;|2112|4267
droplet.svg;3600501858;2;1584358976;|2113|4268
edit-2.svg;1976047420;2;1584358976;|2114|4269
edit-3.svg;1475097771;2;1584358976;|2115|4270
edit.svg;1931783738;2;1584358976;|2116|4271
external-link.svg;1271629900;2;1584358976;|2117|4272
eye-off.svg;3594902143;2;1584358976;|2118|4273
eye.svg;2788619485;2;1584358976;|2119|4274
facebook.svg;465803007;2;1584358976;|2120|4275
fast-forward.svg;3115323267;2;1584358976;|2121|4276
feather.min.js;3829550008;2;1584378584;|2122|4277
feather.svg;4228239455;2;1584358976;|2123|4278
figma.svg;2165397110;2;1584358976;|2124|4279
file-minus.svg;3961718677;2;1584358976;|2125|4280
file-plus.svg;3622127113;2;1584358976;|2126|4281
file-text.svg;60034756;2;1584358976;|2127|4282
file.svg;4069979028;2;1584358976;|2128|4283
film.svg;3040252704;2;1584358976;|2129|4284
filter.svg;2351574534;2;1584358976;|2130|4285
flag.svg;3462052048;2;1584358976;|2131|4286
folder-minus.svg;1875106032;2;1584358976;|2132|4287
folder-plus.svg;3124991484;2;1584358976;|2133|4288
folder.svg;2195126254;2;1584358976;|2134|4289
framer.svg;1606159005;2;1584358976;|2135|4290
frown.svg;1863192452;2;1584358976;|2136|4291
gift.svg;421259972;2;1584358976;|2137|4292
git-branch.svg;1185804411;2;1584358976;|2138|4293
git-commit.svg;2844364323;2;1584358976;|2139|4294
git-merge.svg;193563565;2;1584358976;|2140|4295
git-pull-request.svg;3195110506;2;1584358976;|2141|4296
github.svg;2876784218;2;1584358976;|2142|4297
gitlab.svg;2275564031;2;1584358976;|2143|4298
globe.svg;479727986;2;1584358976;|2144|4299
grid.svg;3363529456;2;1584358976;|2145|4300
hard-drive.svg;1022842760;2;1584358976;|2146|4301
hash.svg;188854318;2;1584358976;|2147|4302
headphones.svg;3001874885;2;1584358976;|2148|4303
heart.svg;1231462533;2;1584358976;|2149|4304
help-circle.svg;2742932022;2;1584358976;|2150|4305
hexagon.svg;1002398992;2;1584358976;|2151|4306
home.svg;3123552259;2;1584358976;|2152|4307
image.svg;3432553195;2;1584358976;|2153|4308
inbox.svg;3991297235;2;1584358976;|2154|4309
info.svg;2021590745;2;1584358976;|2155|4310
instagram.svg;3383020239;2;1584358976;|2156|4311
italic.svg;1632475323;2;1584358976;|2157|4312
key.svg;2902609591;2;1584358976;|2158|4313
layers.svg;1206246370;2;1584358976;|2159|4314
layout.svg;2264580490;2;1584358976;|2160|4315
life-buoy.svg;2644634686;2;1584358976;|2161|4316
link-2.svg;2119102634;2;1584358976;|2162|4317
link.svg;238796365;2;1584358976;|2163|4318
linkedin.svg;3437129725;2;1584358976;|2164|4319
list.svg;2984292986;2;1584358976;|2165|4320
loader.svg;2926292275;2;1584358976;|2166|4321
lock.svg;202937406;2;1584358976;|2167|4322
log-in.svg;52472292;2;1584358976;|2168|4323
log-out.svg;3795656858;2;1584358976;|2169|4324
mail.svg;205920643;2;1584358976;|2170|4325
map-pin.svg;4155396783;2;1584358976;|2171|4326
map.svg;3202589926;2;1584358976;|2172|4327
maximize-2.svg;1557909062;2;1584358976;|2173|4328
maximize.svg;1874167175;2;1584358976;|2174|4329
meh.svg;1663585035;2;1584358976;|2175|4330
menu.svg;973762431;2;1584358976;|2176|4331
message-circle.svg;2285059928;2;1584358976;|2177|4332
message-square.svg;4238377600;2;1584358976;|2178|4333
mic-off.svg;3425964971;2;1584358976;|2179|4334
mic.svg;561460868;2;1584358976;|2180|4335
minimize-2.svg;1221115581;2;1584358976;|2181|4336
minimize.svg;3452379264;2;1584358976;|2182|4337
minus-circle.svg;1869419253;2;1584358976;|2183|4338
minus-square.svg;131067182;2;1584358976;|2184|4339
minus.svg;4167124403;2;1584358976;|2185|4340
monitor.svg;4003978847;2;1584358976;|2186|4341
moon.svg;2986056317;2;1584358976;|2187|4342
more-horizontal.svg;4037872059;2;1584358976;|2188|4343
more-vertical.svg;2142291398;2;1584358976;|2189|4344
mouse-pointer.svg;1240391623;2;1584358976;|2190|4345
move.svg;3478939902;2;1584358976;|2191|4346
music.svg;995137605;2;1584358976;|2192|4347
navigation-2.svg;522534012;2;1584358976;|2193|4348
navigation.svg;3435056302;2;1584358976;|2194|4349
octagon.svg;3440614471;2;1584358976;|2195|4350
package.svg;2450141748;2;1584358976;|2196|4351
paperclip.svg;424687090;2;1584358976;|2197|4352
pause-circle.svg;4059488336;2;1584358976;|2198|4353
pause.svg;2747619329;2;1584358976;|2199|4354
pen-tool.svg;2326222002;2;1584358976;|2200|4355
percent.svg;3319664955;2;1584358976;|2201|4356
phone-call.svg;1106576016;2;1584358976;|2202|4357
phone-forwarded.svg;3121068871;2;1584358976;|2203|4358
phone-incoming.svg;3830971455;2;1584358976;|2204|4359
phone-missed.svg;1469132562;2;1584358976;|2205|4360
phone-off.svg;3553992983;2;1584358976;|2206|4361
phone-outgoing.svg;1234963343;2;1584358976;|2207|4362
phone.svg;1402118801;2;1584358976;|2208|4363
pie-chart.svg;394922890;2;1584358976;|2209|4364
play-circle.svg;1610198377;2;1584358976;|2210|4365
play.svg;3370134323;2;1584358976;|2211|4366
plus-circle.svg;2827723714;2;1584358976;|2212|4367
plus-square.svg;1298820647;2;1584358976;|2213|4368
plus.svg;4288990498;2;1584358976;|2214|4369
pocket.svg;225305714;2;1584358976;|2215|4370
power.svg;2368938744;2;1584358976;|2216|4371
printer.svg;171376507;2;1584358976;|2217|4372
radio.svg;2757908096;2;1584358976;|2218|4373
refresh-ccw.svg;3097446654;2;1584358976;|2219|4374
refresh-cw.svg;687369524;2;1584358976;|2220|4375
repeat.svg;3391483227;2;1584358976;|2221|4376
rewind.svg;3008809240;2;1584358976;|2222|4377
rotate-ccw.svg;3836563244;2;1584358976;|2223|4378
rotate-cw.svg;2565864163;2;1584358976;|2224|4379
rss.svg;3338970826;2;1584358976;|2225|4380
save.svg;393406472;2;1584358976;|2226|4381
scissors.svg;139428541;2;1584358976;|2227|4382
search.svg;4266692199;2;1584358976;|2228|4383
send.svg;1839738120;2;1584358976;|2229|4384
server.svg;194750557;2;1584358976;|2230|4385
settings.svg;506558222;2;1584358976;|2231|4386
share-2.svg;1638311723;2;1584358976;|2232|4387
share.svg;768027517;2;1584358976;|2233|4388
shield-off.svg;2532967432;2;1584358976;|2234|4389
shield.svg;449949659;2;1584358976;|2235|4390
shopping-bag.svg;2959867517;2;1584358976;|2236|4391
shopping-cart.svg;1907534153;2;1584358976;|2237|4392
shuffle.svg;2276563592;2;1584358976;|2238|4393
sidebar.svg;1822684718;2;1584358976;|2239|4394
skip-back.svg;1321038732;2;1584358976;|2240|4395
skip-forward.svg;1382233274;2;1584358976;|2241|4396
slack.svg;203392637;2;1584358976;|2242|4397
slash.svg;2602921017;2;1584358976;|2243|4398
sliders.svg;3658635864;2;1584358976;|2244|4399
smartphone.svg;2171259174;2;1584358976;|2245|4400
smile.svg;1054209059;2;1584358976;|2246|4401
speaker.svg;2982694703;2;1584358976;|2247|4402
square.svg;3706872751;2;1584358976;|2248|4403
star.svg;8205789;2;1584358976;|2249|4404
stop-circle.svg;2063303139;2;1584358976;|2250|4405
sun.svg;3975819329;2;1584358976;|2251|4406
sunrise.svg;726975144;2;1584358976;|2252|4407
sunset.svg;1113816487;2;1584358976;|2253|4408
tablet.svg;4176995773;2;1584358976;|2254|4409
tag.svg;2059182091;2;1584358976;|2255|4410
target.svg;3120664424;2;1584358976;|2256|4411
terminal.svg;4023517662;2;1584358976;|2257|4412
thermometer.svg;1079337265;2;1584358976;|2258|4413
thumbs-down.svg;3220118753;2;1584358976;|2259|4414
thumbs-up.svg;4283584124;2;1584358976;|2260|4415
toggle-left.svg;3829231337;2;1584358976;|2261|4416
toggle-right.svg;1414085259;2;1584358976;|2262|4417
tool.svg;3066168242;2;1584358976;|2263|4418
trash-2.svg;309518579;2;1584358976;|2264|4419
trash.svg;315213150;2;1584358976;|2265|4420
trello.svg;3259510271;2;1584358976;|2266|4421
trending-down.svg;3179957496;2;1584358976;|2267|4422
trending-up.svg;690689965;2;1584358976;|2268|4423
triangle.svg;4024275646;2;1584358976;|2269|4424
truck.svg;578557519;2;1584358976;|2270|4425
tv.svg;487365557;2;1584358976;|2271|4426
twitch.svg;3666368091;2;1584358976;|2272|4427
twitter.svg;2193235580;2;1584358976;|2273|4428
type.svg;644203288;2;1584358976;|2274|4429
umbrella.svg;3901333413;2;1584358976;|2275|4430
underline.svg;1961713188;2;1584358976;|2276|4431
unlock.svg;158546436;2;1584358976;|2277|4432
upload-cloud.svg;651594818;2;1584358976;|2278|4433
upload.svg;2553515661;2;1584358976;|2279|4434
user-check.svg;3721374936;2;1584358976;|2280|4435
user-minus.svg;1198768967;2;1584358976;|2281|4436
user-plus.svg;2989394297;2;1584358976;|2282|4437
user-x.svg;1821021007;2;1584358976;|2283|4438
user.svg;1463340281;2;1584358976;|2284|4439
users.svg;836746831;2;1584358976;|2285|4440
video-off.svg;414919884;2;1584358976;|2286|4441
video.svg;2753126196;2;1584358976;|2287|4442
voicemail.svg;3944498280;2;1584358976;|2288|4443
volume-1.svg;2257995016;2;1584358976;|2289|4444
volume-2.svg;1320685602;2;1584358976;|2290|4445
volume-x.svg;3161826246;2;1584358976;|2291|4446
volume.svg;1810500119;2;1584358976;|2292|4447
watch.svg;77202566;2;1584358976;|2293|4448
wifi-off.svg;257223651;2;1584358976;|2294|4449
wifi.svg;389120226;2;1584358976;|2295|4450
wind.svg;1388395389;2;1584358976;|2296|4451
x-circle.svg;2087732980;2;1584358976;|2297|4452
x-octagon.svg;3296590420;2;1584358976;|2298|4453
x-square.svg;3157464807;2;1584358976;|2299|4454
x.svg;4108417794;2;1584358976;|2300|4455
youtube.svg;3276724773;2;1584358976;|2301|4456
zap-off.svg;3615874279;2;1584358976;|2302|4457
zap.svg;3471223064;2;1584358976;|2303|4458
zoom-in.svg;4074682789;2;1584358976;|2304|4459
zoom-out.svg;1940587848;2;1584358976;|2305|4460
