SCMBranch=GrayDuck
SCMRepository=GrayDuck/GrayDuckAPI/wwwroot/sass/assets/components/cards/_card
SCMMainlineUUID={f908f74b-3df4-400f-ac2c-519b64a5f092}
SCMBranchRepositoryID=1738
_card-1.scss;3689895450;2;1578599924;|2521|4676
_card-2.scss;2934393622;2;1578600186;|2522|4677
_card-3.scss;392191712;2;1578599924;|2523|4678
_card-4.scss;4113219656;2;1578600186;|2524|4679
_card-5.scss;1009798480;2;1578599924;|2525|4680
_card-6.scss;1849348715;2;1578600186;|2526|4681
_card-7.scss;2688856128;2;1578599924;|2527|4682
_card-8.scss;469792987;2;1578600186;|2528|4683
_card-9.scss;2997790476;2;1578600186;|2529|4684
_media-query.scss;4275802019;2;1578347472;|2530|4685
