SCMBranch=GrayDuck
SCMRepository=GrayDuck/GrayDuckAPI/wwwroot/plugins/jquery-ui/images
SCMMainlineUUID={f908f74b-3df4-400f-ac2c-519b64a5f092}
SCMBranchRepositoryID=1705
ui-icons_444444_256x240.png;2110259250;2;1473892446;|2427|4582
ui-icons_555555_256x240.png;706990827;2;1473892446;|2428|4583
ui-icons_777620_256x240.png;940547624;2;1473892446;|2429|4584
ui-icons_777777_256x240.png;357241910;2;1473892446;|2430|4585
ui-icons_cc0000_256x240.png;1454877730;2;1473892446;|2431|4586
ui-icons_cccccc_256x240.png;1244914700;2;1377465260;|2432|4587
ui-icons_ffffff_256x240.png;3605460171;2;1473892446;|2433|4588
