SCMBranch=GrayDuck
SCMRepository=GrayDuck/GrayDuckAPI/wwwroot/assets/img
SCMMainlineUUID={f908f74b-3df4-400f-ac2c-519b64a5f092}
SCMBranchRepositoryID=1650
120x120.jpg;3203433541;2;1547868790;|1899|4054
1280x857.jpg;2362553134;2;1547869798;|1900|4055
175x115.jpg;1125247076;2;1573748914;|1901|4056
200x200.jpg;2146695989;2;1547868872;|1902|4057
255x255.jpg;2025506472;2;1581980596;|1903|4058
300x300.jpg;3529559744;2;1547869110;|1904|4059
350x250.jpg;2853691160;2;1547869204;|1905|4060
400x168.jpg;1830264560;2;1573748068;|1906|4061
400x300.jpg;1052760749;2;1547869276;|1907|4062
509x343.jpg;3726043537;2;1547869436;|1908|4063
600x300.jpg;2580968773;2;1547869548;|1909|4064
640x426.jpg;3775196436;2;1573748346;|1910|4065
90x90.jpg;2630503095;2;1595784278;|1911|4066
ab-1.jpeg;2706486251;2;1526762584;|1912|4067
arrow-down.png;3630569120;2;1535763604;|1913|4068
bg.png;875190783;2;1578104216;|1914|4069
ca.png;2724303628;2;1546547764;|1915|4070
contact-us-map-pin.svg;973741867;2;1566252286;|1916|4071
de.png;2755087653;2;1546547406;|1917|4072
duck-128.gif;171670052;2;1595783686;|1918|4073
duck-16.gif;3962172699;2;1595783678;|1919|4074
duck-24.gif;3162153353;2;1595783680;|1920|4075
duck-256.gif;703273514;2;1595783688;|1921|4076
duck-32.gif;3103267656;2;1595783681;|1922|4077
duck-48.gif;1057410580;2;1595783683;|1923|4078
duck-512.gif;4081489054;2;1595783690;|1924|4079
duck-64.gif;529516193;2;1595783684;|1925|4080
duck-multi-size.ico;1036278288;2;1595783717;|1926|4081
faq.svg;3989944801;2;1577326994;|1927|4082
favicon.ico;2262925660;2;1595783579;|1928|4083
fr.png;3460269643;2;1546547990;|1929|4084
jp.png;2460325323;2;1546547448;|1930|4085
mindset.svg;3602167402;2;1568506346;|1931|4086
