SCMBranch=GrayDuck
SCMRepository=GrayDuck/GrayDuckAPI/wwwroot
SCMMainlineUUID={f908f74b-3df4-400f-ac2c-519b64a5f092}
SCMBranchRepositoryID=1630
contact_view.html;382322894;1;1599685805;|2637|4294967295
user_profile.html;475234540;2;1599676362;|1841|2662
systemlog.html;2354622357;2;1596083310;|1840|2663
starter_kit_blank_page.html;2660492538;2;1584216234;|1839|2664
pages_privacy.html;2489259070;2;1595739696;|1838|2665
index.html;1610259627;2;1595785182;|1837|2666
dashboard.html;1145836096;2;1597441041;|1836|2667
contacts.html;2747132806;2;1596083301;|1835|2668
auth_register.html;3997725732;2;1595937465;|1834|2669
auth_pass_recovery.html;1925069482;2;1595739647;|1833|2670
auth_login.html;4193607343;2;1595882565;|1832|2671
