SCMBranch=GrayDuck
SCMRepository=GrayDuck/GrayDuckAPI/Models
SCMMainlineUUID={f908f74b-3df4-400f-ac2c-519b64a5f092}
SCMBranchRepositoryID=1368
contactFileModel.cs;2432490252;1;1603585727;|2640|4294967295
accountModel.cs;1979278966;3;1598831654;|340|4813
activitiesModel.cs;4267914942;3;1595541808;|341|4814
activitiesScoringModel.cs;1680031831;3;1594321033;|342|4815
contactModel.cs;2238401655;3;1598831667;|343|4816
customfieldModel.cs;3875472465;3;1594577993;|344|4817
databaseSettings.cs;1329608816;3;1603576093;|345|4818
identityModel.cs;4205837142;3;1593097753;|346|4819
serverlogModel.cs;4281156199;3;1593799823;|347|4820
subscriptionModel.cs;1553349975;3;1593023739;|348|4821
subscriptionSecurityModel.cs;24021214;3;1595542196;|349|4822
subscriptionUserModel.cs;4234135477;3;1598641820;|350|4823
