SCMBranch=GrayDuck
SCMRepository=GrayDuck/GrayDuckAPI/wwwroot/plugins/highlight/styles
SCMMainlineUUID={f908f74b-3df4-400f-ac2c-519b64a5f092}
SCMBranchRepositoryID=1700
a11y-dark.css;2746993348;2;1539379426;|2320|4475
a11y-light.css;2182930616;2;1539379426;|2321|4476
agate.css;2927277768;2;1574483096;|2322|4477
an-old-hope.css;3812108077;2;1539379426;|2323|4478
androidstudio.css;2027803179;2;1449018768;|2324|4479
arduino-light.css;2195696368;2;1452085166;|2325|4480
arta.css;780698841;2;1449018768;|2326|4481
ascetic.css;4231548608;2;1449018768;|2327|4482
atelier-cave-dark.css;2012853862;2;1449018768;|2328|4483
atelier-cave-light.css;27269265;2;1449018768;|2329|4484
atelier-dune-dark.css;892032461;2;1573754032;|2330|4485
atelier-dune-light.css;2457684659;2;1449018768;|2331|4486
atelier-estuary-dark.css;654165131;2;1449018768;|2332|4487
atelier-estuary-light.css;407309056;2;1449018768;|2333|4488
atelier-forest-dark.css;3855123404;2;1449018768;|2334|4489
atelier-forest-light.css;44789252;2;1449018768;|2335|4490
atelier-heath-dark.css;3372988596;2;1449018768;|2336|4491
atelier-heath-light.css;2343479045;2;1449018768;|2337|4492
atelier-lakeside-dark.css;3963155346;2;1449018768;|2338|4493
atelier-lakeside-light.css;2307929766;2;1449018768;|2339|4494
atelier-plateau-dark.css;1345202673;2;1449018768;|2340|4495
atelier-plateau-light.css;2583831281;2;1449018768;|2341|4496
atelier-savanna-dark.css;4149095484;2;1449018768;|2342|4497
atelier-savanna-light.css;2520143240;2;1449018768;|2343|4498
atelier-seaside-dark.css;1625895214;2;1449018768;|2344|4499
atelier-seaside-light.css;947507967;2;1449018768;|2345|4500
atelier-sulphurpool-dark.css;4289076544;2;1449018768;|2346|4501
atelier-sulphurpool-light.css;2176071267;2;1449018768;|2347|4502
atom-one-dark-reasonable.css;391571440;2;1539379426;|2348|4503
atom-one-dark.css;2697712163;2;1474429416;|2349|4504
atom-one-light.css;3892627713;2;1474429416;|2350|4505
brown-paper.css;117198991;2;1449018768;|2351|4506
brown-papersq.png;1689803087;2;1449018768;|2352|4507
codepen-embed.css;4063532263;2;1449018768;|2353|4508
color-brewer.css;2683208188;2;1449018768;|2354|4509
darcula.css;4227067280;2;1470798852;|2355|4510
dark.css;394000079;2;1449018768;|2356|4511
darkula.css;2888952070;2;1470798852;|2357|4512
default.css;716537183;2;1573598028;|2358|4513
docco.css;1063421581;2;1573754032;|2359|4514
dracula.css;3704248637;2;1456259738;|2360|4515
far.css;972083568;2;1449018768;|2361|4516
foundation.css;3163318163;2;1449018768;|2362|4517
github-gist.css;84445468;2;1574483096;|2363|4518
github.css;2640084600;2;1574483096;|2364|4519
gml.css;1244984016;2;1539379426;|2365|4520
googlecode.css;1842082016;2;1449018768;|2366|4521
grayscale.css;3830521932;2;1574483096;|2367|4522
gruvbox-dark.css;919861561;2;1456259738;|2368|4523
gruvbox-light.css;1945487360;2;1456259738;|2369|4524
hopscotch.css;1334704166;2;1449018768;|2370|4525
hybrid.css;3545415292;2;1449018768;|2371|4526
idea.css;3029952847;2;1449018768;|2372|4527
ir-black.css;3233785620;2;1449018768;|2373|4528
isbl-editor-dark.css;4150475884;2;1539379426;|2374|4529
isbl-editor-light.css;1652835130;2;1539379426;|2375|4530
kimbie.dark.css;4079293828;2;1449018768;|2376|4531
kimbie.light.css;1935965687;2;1449018768;|2377|4532
lightfair.css;1949106897;2;1539379426;|2378|4533
magula.css;227677218;2;1573787308;|2379|4534
mono-blue.css;1466967262;2;1449018768;|2380|4535
monokai-sublime.css;2383434989;2;1449018768;|2381|4536
monokai.css;2297882735;2;1449018768;|2382|4537
nord.css;94249026;2;1539379426;|2383|4538
obsidian.css;3489979050;2;1449018768;|2384|4539
ocean.css;1269466110;2;1467143122;|2385|4540
paraiso-dark.css;3509807290;2;1449018768;|2386|4541
paraiso-light.css;2450851472;2;1449018768;|2387|4542
pojoaque.css;187553866;2;1449018768;|2388|4543
pojoaque.jpg;3410594460;2;1428032594;|2389|4544
purebasic.css;1981085990;2;1463505378;|2390|4545
qtcreator_dark.css;313926710;2;1456259738;|2391|4546
qtcreator_light.css;2296354529;2;1456259738;|2392|4547
railscasts.css;1085515742;2;1449018768;|2393|4548
rainbow.css;2522955967;2;1449018768;|2394|4549
routeros.css;3907819857;2;1496191626;|2395|4550
school-book.css;303669705;2;1559093768;|2396|4551
school-book.png;2601652099;2;1449018768;|2397|4552
shades-of-purple.css;3176921335;2;1539379426;|2398|4553
solarized-dark.css;2441672278;2;1449018768;|2399|4554
solarized-light.css;1259090329;2;1449018768;|2400|4555
sunburst.css;1721674891;2;1449018768;|2401|4556
tomorrow-night-blue.css;1013491250;2;1449018768;|2402|4557
tomorrow-night-bright.css;999053896;2;1449018768;|2403|4558
tomorrow-night-eighties.css;3010576595;2;1573754032;|2404|4559
tomorrow-night.css;1288938681;2;1449018768;|2405|4560
tomorrow.css;495048995;2;1449018768;|2406|4561
vs.css;2193065901;2;1449018768;|2407|4562
vs2015.css;2524148096;2;1496191626;|2408|4563
xcode.css;2284938916;2;1539379426;|2409|4564
xt256.css;3484555954;2;1548308092;|2410|4565
zenburn.css;2211804253;2;1449018768;|2411|4566
