SCMBranch=GrayDuck
SCMRepository=GrayDuck/GrayDuckAPI/wwwroot/assets/css/elements
SCMMainlineUUID={f908f74b-3df4-400f-ac2c-519b64a5f092}
SCMBranchRepositoryID=1640
alert.css;1549429900;2;1584829594;|1869|4024
avatar.css;60140904;2;1584829594;|1870|4025
breadcrumb.css;2153289127;2;1584829594;|1871|4026
color_library.css;1748023915;2;1573771762;|1872|4027
custom-pagination.css;811391181;2;1584829594;|1873|4028
custom-tree_view.css;2133607203;2;1584829594;|1874|4029
custom-typography.css;3261903409;2;1573786722;|1875|4030
infobox.css;3491542625;2;1584829594;|1876|4031
miscellaneous.css;2373605143;2;1584829594;|1877|4032
popover.css;3082541672;2;1584829594;|1878|4033
search.css;3379703241;2;1584829594;|1879|4034
tooltip.css;498296759;2;1584829594;|1880|4035
