SCMBranch=GrayDuck
SCMRepository=GrayDuck/GrayDuckAPI/wwwroot/sass/assets/elements
SCMMainlineUUID={f908f74b-3df4-400f-ac2c-519b64a5f092}
SCMBranchRepositoryID=1742
alert.scss;1621671553;2;1580875398;|2538|4693
avatar.scss;1273637893;2;1580875398;|2539|4694
breadcrumb.scss;815504011;2;1580875398;|2540|4695
custom-pagination.scss;1628368094;2;1580875398;|2541|4696
custom-tree_view.scss;512658143;2;1580875398;|2542|4697
infobox.scss;2666228286;2;1580875398;|2543|4698
miscellaneous.scss;4259452473;2;1580875398;|2544|4699
popover.scss;782931496;2;1580875398;|2545|4700
search.scss;2413364315;2;1580875398;|2546|4701
tooltip.scss;2281983411;2;1580875398;|2547|4702
